Test_acc chosen as acc of last epoch

[2]
[3 1]
[4 0 0]
[0 0 1 0]
[0 0 0 1 1]
[1 0 0 0 1 0]
[4 1 1 0 0 1 0]
[0 0 0 1 0 0 0 0]
[0 0 0 1 0 1 1 1 0]
[2 0 1 1 1 0 1 0 1 1]
[3 1 1 0 0 0 1 0 1 1 1]
[1 0 1 0 1 1 0 1 1 1 1 0]
allCrops1 + allCrops2
val_acc=1.0000

[1]
[0 0]
[5 0 0]
[5 0 0 0]
[1 0 0 0 1]
[3 0 0 0 1 1]
[2 0 0 1 1 0 0]
[2 0 1 1 0 1 0 0]
[3 0 1 1 0 1 1 1 0]
[5 0 0 1 0 1 1 0 0 1]
[0 1 1 0 1 0 0 0 1 0 1]
[4 0 0 0 1 1 0 0 1 0 1 0]
allCrops1 + allCrops2 + allCrops3 + allCrops1_Brio1
val_acc=1.0000
test_acc:
	on allCrops1 + allCrops2 + allCrops3 + allCrops1_Brio1: 
	on all: 0.8875


[2]
[5 1]
[0 0 0]
[4 0 0 0]
[2 0 1 0 1]
[2 1 1 0 0 1]
[4 0 0 0 0 0 0]
[4 0 0 1 1 1 0 0]
[0 1 1 1 1 1 0 1 1]
[0 1 1 0 1 0 0 1 1 0]
[1 0 1 1 1 0 0 0 0 1 0]
[0 0 0 1 1 1 1 1 0 1 1 1]
allCrops1
val_acc=0.9375
test_acc=0.7800

[5]
[1 0]
[0 1 0]
[0 0 0 0]
[0 0 0 0 1]
[5 0 0 1 0 1]
[1 0 0 0 1 1 0]
[1 0 1 1 1 0 1 1]
[5 0 0 0 0 1 1 0 1]
[5 1 1 0 1 0 1 1 0 0]
[1 1 0 0 1 1 0 0 0 0 1]
[3 0 0 0 0 0 1 1 0 0 1 1]
val_acc=0.9844